37 9
37 9
37 9
37 9
37 9
37 9
37 9
37 9
37 9
37 9
37 10
37 10
37 10
37 10
37 10
37 10
37 10
37 10
37 10
37 10
37 10
37 10
36 11
36 11
36 11
36 11
36 11
36 11
36 11
36 11
36 11
36 11
36 11
36 11
36 11
35 12
35 12
35 12
35 12
35 12
35 12
35 12
35 12
35 12
35 12
35 12
35 12
34 13
34 13
34 13
34 13
34 13
34 13
34 13
34 13
34 13
34 13
34 13
34 14
34 14
34 14
34 14
34 14
34 14
34 14
34 14
34 14
34 14
34 14
34 14
35 15
35 15
35 15
35 15
35 15
35 15
35 15
35 15
35 15
35 15
35 15
35 15
35 15
36 16
36 16
36 16
36 16
36 16
36 16
36 16
36 16
36 16
36 16
36 16
36 16
36 16
36 17
36 17
36 17
36 17
36 17
36 17
36 17
36 17
36 17
36 17
36 17
36 17
36 18
36 18
36 18
36 18
36 18
36 18
36 18
36 18
36 18
36 18
36 18
37 19
37 19
37 19
37 19
37 19
37 19
37 19
37 19
37 19
37 19
37 19
37 19
38 20
38 20
38 20
38 20
38 20
38 20
38 20
38 20
38 20
38 20
38 20
38 20
38 21
38 21
38 21
38 21
38 21
38 21
38 21
38 21
38 21
38 21
38 21
38 21
38 21
39 22
39 22
39 22
39 22
39 22
39 22
39 22
39 22
39 22
39 22
39 22
39 22
39 23
39 23
39 23
39 23
39 23
39 23
39 23
39 23
39 23
39 23
39 23
39 23
39 24
39 24
39 24
39 24
39 24
39 24
39 24
39 24
39 24
39 24
39 24
39 24
38 25
38 25
38 25
38 25
38 25
38 25
38 25
38 25
38 25
38 25
38 25
38 25
38 26
38 26
38 26
38 26
38 26
38 26
38 26
38 26
38 26
38 26
38 26
38 26
38 27
37 26
37 26
37 26
37 26
37 26
37 26
37 26
37 26
37 26
37 26
37 26
37 26
36 25
36 25
36 25
36 25
36 25
36 25
36 25
36 25
36 25
36 25
36 25
36 25
35 24
35 24
35 24
35 24
35 24
35 24
35 24
35 24
35 24
35 24
35 24
35 24
34 23
34 23
34 23
34 23
34 23
34 23
34 23
34 23
34 23
34 23
34 23
34 23
33 22
33 22
33 22
33 22
33 22
33 22
33 22
33 22
33 22
33 22
33 22
33 22
32 21
32 21
32 21
32 21
32 21
32 21
32 21
32 21
32 21
32 21
32 21
32 20
32 20
32 20
32 20
32 20
32 20
32 20
32 20
32 20
32 20
32 20
32 20
32 19
32 19
32 19
32 19
32 19
32 19
32 19
32 19
32 19
32 19
32 19
32 19
32 19
31 18
31 18
31 18
31 18
31 18
31 18
31 18
31 18
31 18
31 18
31 18
31 18
31 17
31 17
31 17
31 17
31 17
31 17
31 17
31 17
31 17
31 17
31 17
31 17
31 16
31 16
31 16
31 16
31 16
31 16
31 16
31 16
31 16
31 16
31 16
31 16
31 15
31 15
31 15
31 15
31 15
31 15
31 15
31 15
31 15
31 15
31 15
31 15
31 14
31 14
31 14
31 14
31 14
31 14
31 14
31 14
31 14
31 14
31 14
31 14
31 13
31 13
31 13
31 13
31 13
31 13
31 13
31 13
31 13
31 13
31 13
31 13
31 12
31 12
31 12
31 12
31 12
31 12
31 12
31 12
31 12
31 12
31 12
31 12
31 11
31 11
31 11
31 11
31 11
31 11
31 11
31 11
31 11
31 11
31 11
31 11
32 10
32 10
32 10
32 10
32 10
32 10
32 10
32 10
32 10
32 10
32 10
32 10
32 9
